2019    12    30    2
2019    12    23    2
2019    12    16    2
2019    12    09    2
2019    12    02    2
2019    11    25    2
2019    11    18    2
2019    11    11    2
2019    11    04    2
2019    10    28    1
2019    10    21    1
2019    10    14    1
2019    10    07    1
2019    09    30    1
2019    09    23    1
2019    09    16    1
2019    09    09    1
2019    08    26    1
2019    08    19    1
2019    08    12    1
2019    08    05    1
2019    07    29    1
2019    07    22    1
2019    07    15    1
2019    07    01    1
2019    06    24    1
2019    06    17    1
2019    06    10    1
2019    05    27    1
2019    05    20    1
2019    05    13    1
2019    05    06    1
2019    04    29    1
2019    04    22    1
2019    04    15    1
2019    04    08    1
2019    04    01    1
2019    03    18    1
2019    03    11    1
2019    03    04    1
2019    02    25    1
2019    02    18    1
2019    02    11    1
2019    02    04    1
2019    01    28    1
2019    01    14    1
2019    01    07    1
2018    12    31    1
2018    12    24    1
2018    12    17    1
2018    12    10    1
2018    12    03    1
2018    11    26    1
2018    11    19    1
2018    11    12    1
2018    11    05    1
2018    10    29    2
2018    10    22    2
2018    10    15    2
2018    10    08    3
2018    10    01    3
2018    09    24    3
2018    09    17    3
2018    09    10    3
2018    08    27    6
2018    08    20    6
2018    08    13    10
2018    08    06    10
2018    07    30    10
2018    07    23    10
2018    07    16    10
2018    07    02    21
2018    06    25    17
2018    06    18    22
2018    06    11    21
2018    05    28    22
2018    05    21    22
2018    05    14    18
2018    05    07    12
2018    04    30    12
2018    04    23    12
2018    04    16    13
2018    04    09    13
2018    04    02    13
2018    03    19    12
2018    03    05    13
2018    02    26    13
2018    02    19    14
2018    02    12    14
2018    02    05    13
2018    01    29    13
2018    01    15    14
2018    01    08    14
2018    01    01    12
2017    12    25    12
2017    12    18    12
2017    12    11    12
2017    12    04    12
2017    11    27    12
2017    11    20    12
2017    11    13    12
2017    11    06    12
2017    10    30    7
2017    10    23    7
2017    10    16    7
2017    10    09    6
2017    10    02    6
2017    09    25    6
2017    09    18    6
2017    09    11    6
2017    08    28    5
2017    08    21    5
2017    08    14    5
2017    08    07    5
2017    07    31    5
2017    07    24    4
2017    07    17    4
2017    07    17    4
2017    07    10    4
2017    07    03    4
2017    06    26    4
2017    06    19    4
2017    06    12    4
2017    05    29    2
2017    05    22    2
2017    05    15    2
2017    05    08    2
2017    05    01    2
2017    04    24    2
2017    04    17    2
2017    04    10    2
2017    04    03    2
2017    03    20    2
2017    03    06    2
2017    02    27    2
2017    02    20    2
2017    02    13    2
2017    02    06    2
2017    01    30    2
2017    01    16    2
2017    01    09    2
2017    01    02    2
2016    12    26    2
2016    12    19    2
2016    12    12    2
2016    12    05    2
2016    11    28    2
2016    11    21    2
2016    11    14    2
2016    11    07    2
2016    10    31    1
2016    10    24    1
2016    10    17    1
2016    10    10    1
2016    10    03    1
2016    09    26    1
2016    09    19    1
2016    09    12    1
2016    08    29    1
2016    08    22    1
2016    08    15    1
2016    08    08    1
2016    08    01    1
2016    07    25    1
2016    07    18    1
2016    07    11    1
2016    06    27    1
2016    06    20    1
2016    06    13    1
2016    06    06    1
2016    05    23    1
2016    05    16    1
2016    05    09    1
2016    05    02    1
2016    04    25    1
2016    04    18    1
2016    04    11    1
2016    04    04    1
2016    03    21    1
2016    03    07    1
2016    02    29    1
2016    02    22    1
2016    02    15    1
2016    02    08    1
2016    02    01    1
2016    01    18    1
2016    01    11    1
2016    01    04    1
2015    12    28    1
2015    12    21    1
2015    12    14    1
2015    12    07    1
2015    11    30    1
2015    11    23    1
2015    11    16    1
2015    11    09    1
2015    11    02    1
2015    10    26    1
2015    10    19    1
2015    10    12    1
2015    10    05    1
2015    09    28    1
2015    09    21    1
2015    09    14    1
2015    08    31    1
2015    08    24    1
2015    08    17    1
2015    08    10    1
2015    08    03    1
2015    07    27    1
2015    07    20    1
2015    07    13    1
2015    06    29    1
2015    06    22    1
2015    06    15    1
2015    06    08    1
2015    05    25    1
2015    05    18    1
2015    05    11    1
2015    05    04    1
2015    04    27    1
2015    04    20    1
2015    04    13    1
2015    04    06    1
2015    03    23    1
2015    03    09    1
2015    03    02    1
2015    02    23    1
2015    02    16    1
2015    02    09    1
2015    02    02    1
2015    01    19    1
2015    01    12    1
2015    01    05    1
2014    12    29    1
2014    12    22    1
2014    12    15    1
2014    12    08    1
2014    12    01    1
2014    11    24    1
2014    11    17    1
2014    11    10    1
2014    11    03    1
2014    10    27    1
2014    10    20    1
2014    10    13    1
2014    10    06    1
2014    09    29    1
2014    09    22    1
2014    09    15    1
2014    09    08    1
2014    08    25    1
2014    08    18    1
2014    08    11    1
2014    08    04    1
2014    07    28    1
2014    07    21    1
2014    07    14    1
2014    07    07    1
2014    06    23    2
2014    06    16    2
2014    06    09    2
2014    05    26    2
2014    05    19    2
2014    05    12    2
2014    05    05    2
2014    04    28    2
2014    04    21    2
2014    04    14    2
2014    04    07    2
2014    03    31    2
2014    03    17    2
2014    03    03    2
2014    02    24    2
2014    02    17    2
2014    02    10    2
2014    02    03    2
2014    01    27    2
2014    01    13    2
2014    01    06    2
2013    12    30    2
2013    12    23    2
2013    12    16    2
2013    12    09    2
2013    12    02    2
2013    11    25    2
2013    11    18    2
2013    11    11    2
2013    11    04    2
2013    10    28    2
2013    10    21    2
2013    10    14    2
2013    10    07    2
2013    09    30    1
2013    09    23    1
2013    09    16    1
2013    09    09    1
2013    08    26    1
2013    08    19    1
2013    08    12    1
2013    08    05    1
2013    07    29    1
2013    07    22    1
2013    07    15    1
2013    07    08    1
2013    06    24    1
2013    06    17    1
2013    06    10    1
2013    05    27    1
2013    05    20    1
2013    05    13    1
2013    05    06    1
2013    04    29    1
2013    04    22    1
2013    04    15    1
2013    04    08    1
2013    04    01    1
2013    03    18    1
2013    03    04    1
2013    02    25    1
2013    02    18    1
2013    02    11    1
2013    02    04    1
2013    01    28    1
2013    01    14    1
2013    01    07    1
2012    12    31    1
2012    12    24    1
2012    12    17    1
2012    12    10    1
2012    12    03    1
2012    11    26    1
2012    11    19    1
2012    11    12    1
2012    11    05    1
2012    10    29    2
2012    10    22    2
2012    10    15    2
2012    10    08    2
2012    10    01    2
2012    09    24    2
2012    09    17    2
2012    09    10    2
2012    08    27    2
2012    08    20    2
2012    08    13    2
2012    08    06    2
2012    07    30    2
2012    07    23    2
2012    07    16    2
2012    07    09    2
2012    07    02    1
2012    06    25    1
2012    06    18    1
2012    06    11    1
2012    05    28    1
2012    05    21    1
2012    05    14    1
2012    05    07    1
2012    04    30    1
2012    04    23    1
2012    04    16    1
2012    04    09    1
2012    04    02    1
2012    03    19    1
2012    03    05    1
2012    02    27    1
2012    02    20    1
2012    02    13    1
2012    02    06    1
2012    01    30    1
2012    01    16    1
2012    01    09    1
2012    01    02    1
2011    12    26    1
2011    12    19    1
2011    12    12    1
2011    12    05    1
2011    11    28    1
2011    11    21    1
2011    11    14    1
2011    11    07    1
2011    10    31    1
2011    10    24    1
2011    10    17    1
2011    10    10    1
2011    10    03    1
2011    09    26    1
2011    09    19    1
2011    09    12    1
2011    08    29    1
2011    08    22    1
2011    08    15    1
2011    08    08    1
2011    08    01    1
2011    07    25    1
2011    07    18    1
2011    07    11    1
2011    07    04    1
2011    06    20    2
2011    06    13    2
2011    06    06    2
2011    05    23    2
2011    05    16    2
2011    05    09    2
2011    05    02    2
2011    04    25    2
2011    04    18    2
2011    04    11    2
2011    04    04    2
2011    03    21    2
2011    03    07    3
2011    02    28    3
2011    02    21    3
2011    02    14    3
2011    02    07    3
2011    01    31    3
2011    01    17    3
2011    01    10    3
2011    01    03    3
2010    12    27    3
2010    12    20    3
2010    12    13    3
2010    12    06    3
2010    11    29    3
2010    11    22    3
2010    11    15    3
2010    11    08    3
2010    11    01    3
2010    10    25    3
2010    10    18    3
2010    10    11    2
2010    10    04    2
2010    09    27    2
2010    09    20    2
2010    09    13    2
2010    09    06    3
2010    08    30    3
2010    08    23    3
2010    08    16    3
2010    08    09    2
2010    08    02    2
2010    07    26    2
2010    07    19    2
2010    07    12    2
2010    07    05    2
2010    06    21    3
2010    06    14    3
2010    06    07    3
2010    05    24    3
2010    05    17    3
2010    05    10    2
2010    05    03    2
2010    04    26    2
2010    04    19    2
2010    04    12    2
2010    04    05    2
2010    03    22    2
2010    03    08    2
2010    03    01    2
2010    02    22    2
2010    02    15    2
2010    02    08    2
2010    02    01    2
2010    01    18    3
2010    01    11    3
2010    01    04    3
2009    12    28    3
2009    12    21    3
2009    12    14    3
2009    12    07    3
2009    11    30    3
2009    11    23    3
2009    11    16    3
2009    11    09    3
2009    11    02    3
2009    10    26    3
2009    10    19    3
2009    10    12    4
2009    10    05    4
2009    09    28    4
2009    09    21    4
2009    09    14    4
2009    08    31    4
2009    08    24    4
2009    08    17    4
2009    08    10    4
2009    08    03    4
2009    07    27    4
2009    07    20    4
2009    07    13    4
2009    07    06    4
2009    06    22    4
2009    06    15    4
2009    06    08    4
2009    05    25    4
2009    05    18    4
2009    05    11    4
2009    05    04    3
2009    04    27    3
2009    04    20    3
2009    04    13    3
2009    04    06    3
2009    03    23    3
2009    03    09    3
2009    03    02    3
2009    02    23    3
2009    02    16    3
2009    02    09    3
2009    02    02    3
2009    01    19    3
2009    01    12    3
2009    01    05    3
2008    12    29    3
2008    12    22    3
2008    12    15    3
2008    12    08    3
2008    12    01    3
2008    11    24    3
2008    11    17    3
2008    11    10    3
2008    11    03    3
2008    10    27    3
2008    10    20    3
2008    10    13    3
2008    10    06    3
2008    09    29    3
2008    09    22    3
2008    09    15    3
2008    09    08    3
2008    08    25    3
2008    08    18    3
2008    08    11    3
2008    08    04    3
2008    07    28    3
2008    07    21    3
2008    07    14    3
2008    07    07    3
2008    06    23    3
2008    06    16    3
2008    06    09    3
2008    05    26    3
2008    05    19    3
2008    05    12    3
2008    05    05    3
2008    04    28    3
2008    04    21    3
2008    04    14    3
2008    04    07    3
2008    03    24    3
2008    03    10    3
2008    03    03    3
2008    02    25    3
2008    02    18    3
2008    02    11    3
2008    02    04    3
2008    01    28    3
2008    01    14    3
2008    01    07    3
2007    12    31    3
2007    12    24    3
2007    12    17    3
2007    12    10    3
2007    12    03    3
2007    11    26    3
2007    11    19    3
2007    11    12    3
2007    11    05    3
2007    10    29    3
2007    10    22    3
2007    10    15    3
2007    10    08    3
2007    10    01    3
2007    09    24    3
2007    09    17    3
2007    09    10    3
2007    08    27    3
2007    08    20    3
2007    08    13    3
2007    08    06    4
2007    07    30    3
2007    07    23    3
2007    07    16    3
2007    07    09    3
2007    06    25    5
2007    06    18    5
2007    06    11    4
2007    05    28    6
2007    05    21    6
2007    05    14    6
2007    05    07    5
2007    04    30    5
2007    04    23    6
2007    04    16    7
2007    04    09    7
2007    04    02    7
2007    03    19    10
2007    03    05    13
2007    02    26    14
2007    02    19    14
2007    02    12    14
2007    02    05    14
2007    01    29    13
2007    01    15    15
2007    01    08    14
2007    01    01    16
2006    12    18    16
2006    12    11    16
2006    12    04    16
2006    11    27    16
2006    11    20    16
2006    11    13    16
2006    11    06    16
2006    10    30    16
2006    10    23    16
2006    10    16    17
2006    10    09    16
2006    10    02    22
2006    09    25    21
2006    09    18    21
2006    09    11    21
2006    08    28    23
2006    08    21    23
2006    08    14    24
2006    08    07    23
2006    07    31    24
2006    07    24    28
2006    07    17    36
2006    07    10    35
2006    06    26    39
2006    06    19    40
2006    06    12    40
2006    05    29    63
2006    05    22    63
2006    05    15    71
2006    05    08    67
2006    05    01    68
2006    04    24    66
2006    04    17    67
2006    04    10    65
2006    04    03    64
2006    03    20    66
2006    03    06    67
2006    02    27    63
2006    02    20    72
2006    02    13    71
2006    02    06    70
2006    01    30    81
2006    01    16    76
2006    01    09    80
2006    01    02    78
2005    12    26    78
2005    12    19    78
2005    12    12    78
2005    12    05    79
2005    11    28    82
2005    11    21    83
2005    11    14    79
2005    11    07    75
2005    10    31    85
2005    10    24    88
2005    10    17    89
2005    10    10    87
2005    10    03    85
2005    09    26    81
2005    09    19    82
2005    09    12    80
2005    08    29    97
2005    08    22    93
2005    08    15    97
2005    08    08    98
2005    08    01    96
2005    07    25    97
2005    07    18    96
2005    07    11    96
2005    07    04    94
2005    06    20    128
2005    06    13    127
2005    06    06    131
2005    05    23    153
2005    05    16    128
2005    05    09    142
2005    05    02    141
2005    04    25    142
2005    04    18    153
2005    04    11    154
2005    04    04    160
2005    03    21    160
2005    03    07    160
2005    02    28    160
2005    02    21    171
2005    02    14    170
2005    02    07    177
2005    01    31    177
2005    01    17    188
2005    01    10    188
2004    12    20    186
2004    12    13    186
2004    12    06    185
2004    11    29    186
2004    11    22    187
2004    11    15    184
2004    11    08    188
2004    11    01    242
2004    10    25    243
2004    10    18    242
2004    10    11    244
2004    10    04    240
2004    09    27    248
2004    09    20    246
2004    09    13    272
2004    08    30    294
2004    08    23    323
2004    08    16    343
2004    08    09    348
2004    08    02    339
2004    07    26    342
2004    07    19    368
2004    07    12    366
2004    07    05    360
2004    06    21    327
2004    06    14    333
2004    06    07    331
2004    05    24    338
2004    05    17    515
2004    05    10    572
2004    05    03    573
2004    04    26    600
2004    04    19    600
2004    04    12    603
2004    04    05    606
2004    03    22    612
2004    03    08    603
2004    03    01    606
2004    02    23    663
2004    02    16    671
2004    02    09    670
2004    02    02    676
2004    01    19    681
2004    01    12    680
2003    12    15    679
2003    12    08    678
2003    12    01    675
2003    11    24    671
2003    11    17    676
2003    11    10    680
2003    11    03    680
2003    10    27    684
2003    10    20    686
2003    10    13    683
2003    10    06    681
2003    09    29    679
2003    09    22    678
2003    09    15    675
2003    09    08    675
2003    08    25    670
2003    08    18    662
2003    08    11    660
2003    08    04    709
2003    07    28    709
2003    07    21    774
2003    07    14    768
2003    07    07    767
