2019    03    18    5
2019    03    11    4
2019    03    04    4
2019    02    25    7
2019    02    18    7
2019    02    11    6
2019    02    04    6
2019    01    28    6
2019    01    14    3
2019    01    07    3
2018    12    31    3
2018    12    24    3
2018    12    17    3
2018    12    10    3
2018    12    03    3
2018    11    26    3
2018    11    19    3
2018    11    12    3
2018    11    05    3
2018    10    29    3
2018    10    22    3
2018    10    15    3
2018    10    08    2
2018    10    01    2
2018    09    24    2
2018    09    17    2
2018    09    10    2
2018    08    27    2
2018    08    20    2
2018    08    13    2
2018    08    06    2
2018    07    30    2
2018    07    23    2
2018    07    16    2
2018    07    02    2
2018    06    25    2
2018    06    18    1
2018    06    11    2
2018    05    28    2
2018    05    21    2
2018    05    14    1
2018    05    07    2
2018    04    30    2
2018    04    23    2
2018    04    16    2
2018    04    09    2
2018    04    02    2
2018    03    19    1
2018    03    05    1
2018    02    26    1
2018    02    19    1
2018    02    12    2
2018    02    05    2
2018    01    29    2
2018    01    15    2
2018    01    08    2
2018    01    01    2
2017    12    25    2
2017    12    18    2
2017    12    11    2
2017    12    04    2
2017    11    27    2
2017    11    20    2
2017    11    13    2
2017    11    06    2
2017    10    30    2
2017    10    23    2
2017    10    16    2
2017    10    09    2
2017    10    02    2
2017    09    25    2
2017    09    18    2
2017    09    11    2
2017    08    28    3
2017    08    21    3
2017    08    14    3
2017    08    07    3
2017    07    31    3
2017    07    24    3
2017    07    17    3
2017    07    10    5
2017    07    03    5
2017    06    26    5
2017    06    19    5
2017    06    12    5
2017    05    29    5
2017    05    22    5
2017    05    15    5
2017    05    08    4
2017    05    01    4
2017    04    24    4
2017    04    17    4
2017    04    10    4
2017    04    03    4
2017    03    20    6
2017    03    06    10
2017    02    27    10
2017    02    20    9
2017    02    13    9
2017    02    06    10
2017    01    30    10
2017    01    16    17
2017    01    09    17
2017    01    02    16
2016    12    26    16
2016    12    19    16
2016    12    12    16
2016    12    05    16
2016    11    28    16
2016    11    21    16
2016    11    14    16
2016    11    07    16
2016    10    31    9
2016    10    24    7
2016    10    17    8
2016    10    10    7
2016    10    03    7
2016    09    26    7
2016    09    19    7
2016    09    12    7
2016    08    29    4
2016    08    22    4
2016    08    15    3
2016    08    08    3
2016    08    01    3
2016    07    25    3
2016    07    18    3
2016    07    11    3
2016    06    27    3
2016    06    20    3
2016    06    13    3
2016    06    06    3
2016    05    23    3
2016    05    16    3
2016    05    09    2
2016    05    02    3
2016    04    25    3
2016    04    18    3
2016    04    11    3
2016    04    04    3
2016    03    21    3
2016    03    07    3
2016    02    29    3
2016    02    22    3
2016    02    15    3
2016    02    08    3
2016    02    01    3
2016    01    18    3
2016    01    11    3
2016    01    04    3
2015    12    28    3
2015    12    21    3
2015    12    14    3
2015    12    07    3
2015    11    30    3
2015    11    23    3
2015    11    16    3
2015    11    09    3
2015    11    02    2
2015    10    26    3
2015    10    19    3
2015    10    12    2
2015    10    05    2
2015    09    28    2
2015    09    21    2
2015    09    14    2
2015    08    31    2
2015    08    24    2
2015    08    17    3
2015    08    10    2
2015    08    03    2
2015    07    27    2
2015    07    20    2
2015    07    13    2
2015    06    29    2
2015    06    22    2
2015    06    15    2
2015    06    08    2
2015    05    25    2
2015    05    18    2
2015    05    11    2
2015    05    04    2
2015    04    27    2
2015    04    20    2
2015    04    13    2
2015    04    06    2
2015    03    23    2
2015    03    09    2
2015    03    02    2
2015    02    23    2
2015    02    16    2
2015    02    09    2
2015    02    02    2
2015    01    19    2
2015    01    12    2
2015    01    05    2
2014    12    29    2
2014    12    22    2
2014    12    15    2
2014    12    08    2
2014    12    01    2
2014    11    24    2
2014    11    17    2
2014    11    10    2
2014    11    03    2
2014    10    27    2
2014    10    20    2
2014    10    13    2
2014    10    06    3
2014    09    29    3
2014    09    22    3
2014    09    15    3
2014    09    08    3
2014    08    25    3
2014    08    18    3
2014    08    11    3
2014    08    04    3
2014    07    28    3
2014    07    21    3
2014    07    14    3
2014    07    07    3
2014    06    23    4
2014    06    16    4
2014    06    09    4
2014    05    26    4
2014    05    19    4
2014    05    12    4
2014    05    05    4
2014    04    28    4
2014    04    21    4
2014    04    14    4
2014    04    07    4
2014    03    31    4
2014    03    17    5
2014    03    03    8
2014    02    24    8
2014    02    17    8
2014    02    10    8
2014    02    03    8
2014    01    27    8
2014    01    13    6
2014    01    06    6
2013    12    30    6
2013    12    23    6
2013    12    16    6
2013    12    09    6
2013    12    02    6
2013    11    25    6
2013    11    18    6
2013    11    11    6
2013    11    04    7
2013    10    28    6
2013    10    21    6
2013    10    14    7
2013    10    07    7
2013    09    30    6
2013    09    23    5
2013    09    16    5
2013    09    09    6
2013    08    26    7
2013    08    19    7
2013    08    12    5
2013    08    05    5
2013    07    29    5
2013    07    22    5
2013    07    15    5
2013    07    08    5
2013    06    24    3
2013    06    17    3
2013    06    10    3
2013    05    27    3
2013    05    20    3
2013    05    13    3
2013    05    06    2
2013    04    29    2
2013    04    22    2
2013    04    15    3
2013    04    08    3
2013    04    01    3
2013    03    18    2
2013    03    04    2
2013    02    25    2
2013    02    18    2
2013    02    11    2
2013    02    04    2
2013    01    28    2
2013    01    14    2
2013    01    07    2
2012    12    31    2
2012    12    24    2
2012    12    17    2
2012    12    10    2
2012    12    03    2
2012    11    26    2
2012    11    19    2
2012    11    12    2
2012    11    05    2
2012    10    29    1
2012    10    22    1
2012    10    15    1
2012    10    08    1
2012    10    01    1
2012    09    24    1
2012    09    17    1
2012    09    10    1
2012    08    27    1
2012    08    20    1
2012    08    13    1
2012    08    06    1
2012    07    30    1
2012    07    23    1
2012    07    16    1
2012    07    09    1
2012    07    02    1
2012    06    25    3
2012    06    18    3
2012    06    11    3
2012    05    28    3
2012    05    21    3
2012    05    14    2
2012    05    07    3
2012    04    30    3
2012    04    23    3
2012    04    16    3
2012    04    09    3
2012    04    02    3
2012    03    19    3
2012    03    05    3
2012    02    27    3
2012    02    20    3
2012    02    13    3
2012    02    06    3
2012    01    30    3
2012    01    16    3
2012    01    09    3
2012    01    02    3
2011    12    26    3
2011    12    19    3
2011    12    12    3
2011    12    05    3
2011    11    28    3
2011    11    21    4
2011    11    14    4
2011    11    07    4
2011    10    31    4
2011    10    24    4
2011    10    17    4
2011    10    10    3
2011    10    03    3
2011    09    26    3
2011    09    19    3
2011    09    12    3
2011    08    29    3
2011    08    22    3
2011    08    15    3
2011    08    08    3
2011    08    01    3
2011    07    25    3
2011    07    18    3
2011    07    11    3
2011    07    04    3
2011    06    20    3
2011    06    13    3
2011    06    06    3
2011    05    23    3
2011    05    16    3
2011    05    09    3
2011    05    02    3
2011    04    25    3
2011    04    18    3
2011    04    11    3
2011    04    04    3
2011    03    21    3
2011    03    07    2
2011    02    28    2
2011    02    21    2
2011    02    14    2
2011    02    07    2
2011    01    31    2
2011    01    17    2
2011    01    10    2
2011    01    03    2
2010    12    27    2
2010    12    20    2
2010    12    13    2
2010    12    06    2
2010    11    29    2
2010    11    22    2
2010    11    15    2
2010    11    08    2
2010    11    01    2
2010    10    25    2
2010    10    18    2
2010    10    11    3
2010    10    04    3
2010    09    27    3
2010    09    20    3
2010    09    13    3
2010    09    06    2
2010    08    30    2
2010    08    23    2
2010    08    16    2
2010    08    09    3
2010    08    02    3
2010    07    26    3
2010    07    19    3
2010    07    12    3
2010    07    05    3
2010    06    21    2
2010    06    14    2
2010    06    07    2
2010    05    24    1
2010    05    17    1
2010    05    10    1
2010    05    03    1
2010    04    26    1
2010    04    19    1
2010    04    12    1
2010    04    05    1
2010    03    22    1
2010    03    08    1
2010    03    01    1
2010    02    22    1
2010    02    15    1
2010    02    08    1
2010    02    01    1
2010    01    18    1
2010    01    11    1
2010    01    04    1
2009    12    28    1
2009    12    21    1
2009    12    14    1
2009    12    07    1
2009    11    30    1
2009    11    23    1
2009    11    16    1
2009    11    09    1
2009    11    02    1
2009    10    26    1
2009    10    19    1
2009    10    12    1
2009    10    05    1
2009    09    28    1
2009    09    21    1
2009    09    14    1
2009    08    31    1
2009    08    24    1
2009    08    17    1
2009    08    10    1
2009    08    03    1
2009    07    27    1
2009    07    20    1
2009    07    13    1
2009    07    06    1
2009    06    22    2
2009    06    15    2
2009    06    08    2
2009    05    25    2
2009    05    18    2
2009    05    11    2
2009    05    04    2
2009    04    27    2
2009    04    20    2
2009    04    13    2
2009    04    06    2
2009    03    23    2
2009    03    09    2
2009    03    02    2
2009    02    23    2
2009    02    16    2
2009    02    09    2
2009    02    02    2
2009    01    19    2
2009    01    12    2
2009    01    05    2
2008    12    29    2
2008    12    22    2
2008    12    15    2
2008    12    08    2
2008    12    01    2
2008    11    24    2
2008    11    17    2
2008    11    10    2
2008    11    03    2
2008    10    27    2
2008    10    20    2
2008    10    13    2
2008    10    06    2
2008    09    29    2
2008    09    22    2
2008    09    15    2
2008    09    08    2
2008    08    25    2
2008    08    18    2
2008    08    11    1
2008    08    04    1
2008    07    28    1
2008    07    21    1
2008    07    14    1
2008    07    07    1
2008    06    23    1
2008    06    16    1
2008    06    09    1
2008    05    26    1
2008    05    19    1
2008    05    12    1
2008    05    05    1
2008    04    28    1
2008    04    21    1
2008    04    14    1
2008    04    07    1
2008    03    24    1
2008    03    10    1
2008    03    03    1
2008    02    25    1
2008    02    18    1
2008    02    11    1
2008    02    04    1
2008    01    28    1
2008    01    14    1
2008    01    07    1
2007    12    31    1
2007    12    24    1
2007    12    17    1
2007    12    10    1
2007    12    03    1
2007    11    26    1
2007    11    19    1
2007    11    12    1
2007    11    05    1
2007    10    29    1
2007    10    22    1
2007    10    15    1
2007    10    08    1
2007    10    01    1
2007    09    24    1
2007    09    17    1
2007    09    10    1
2007    08    27    1
2007    08    20    1
2007    08    13    1
2007    08    06    1
2007    07    30    1
2007    07    23    1
2007    07    16    1
2007    07    09    1
2007    06    25    1
2007    06    18    1
2007    06    11    1
2007    05    28    1
2007    05    21    1
2007    05    14    1
2007    05    07    1
2007    04    30    1
2007    04    23    1
2007    04    16    1
2007    04    09    1
2007    04    02    1
2007    03    19    1
2007    03    05    1
2007    02    26    1
2007    02    19    1
2007    02    12    1
2007    02    05    1
2007    01    29    1
2007    01    15    1
2007    01    08    1
2007    01    01    1
2006    12    18    1
2006    12    11    1
2006    12    04    1
2006    11    27    1
2006    11    20    1
2006    11    13    1
2006    11    06    1
2006    10    30    1
2006    10    23    1
2006    10    16    1
2006    10    09    1
2006    10    02    1
2006    09    25    1
2006    09    18    1
2006    09    11    1
2006    08    28    1
2006    08    21    1
2006    08    14    1
2006    08    07    1
2006    07    31    1
2006    07    24    1
2006    07    17    1
2006    07    10    1
2006    06    26    1
2006    06    19    1
2006    06    12    1
2006    05    29    1
2006    05    22    1
2006    05    15    1
2006    05    08    1
2006    05    01    1
2006    04    24    1
2006    04    17    1
2006    04    10    1
2006    04    03    1
2006    03    20    1
2006    03    06    1
2006    02    27    1
2006    02    20    1
2006    02    13    1
2006    02    06    1
2006    01    30    1
2006    01    16    1
2006    01    09    1
2006    01    02    1
2005    12    26    1
2005    12    19    1
2005    12    12    1
2005    12    05    1
2005    11    28    1
2005    11    21    1
2005    11    14    1
2005    11    07    1
2005    10    31    1
2005    10    24    1
2005    10    17    1
2005    10    10    1
2005    10    03    1
2005    09    26    1
2005    09    19    1
2005    09    12    1
2005    08    29    1
2005    08    22    1
2005    08    15    1
2005    08    08    1
2005    08    01    1
2005    07    25    1
2005    07    18    1
2005    07    11    1
2005    07    04    1
2005    06    20    1
2005    06    13    1
2005    06    06    1
2005    05    23    1
2005    05    16    1
2005    05    09    1
2005    05    02    1
2005    04    25    1
2005    04    18    1
2005    04    11    1
2005    04    04    1
2005    03    21    1
2005    03    07    1
2005    02    28    1
2005    02    21    1
2005    02    14    1
2005    02    07    1
2005    01    31    1
2005    01    17    1
2005    01    10    1
2004    12    20    1
2004    12    13    1
2004    12    06    1
2004    11    29    1
2004    11    22    1
2004    11    15    1
2004    11    08    1
2004    11    01    1
2004    10    25    1
2004    10    18    1
2004    10    11    1
2004    10    04    1
2004    09    27    1
2004    09    20    1
2004    09    13    1
2004    08    30    1
2004    08    23    1
2004    08    16    1
2004    08    09    1
2004    08    02    1
2004    07    26    1
2004    07    19    1
2004    07    12    1
2004    07    05    1
2004    06    21    1
2004    06    14    1
2004    06    07    1
2004    05    24    1
2004    05    17    1
2004    05    10    1
2004    05    03    1
2004    04    26    1
2004    04    19    1
2004    04    12    1
2004    04    05    1
2004    03    22    1
2004    03    08    1
2004    03    01    1
2004    02    23    1
2004    02    16    1
2004    02    09    1
2004    02    02    1
2004    01    19    2
2004    01    12    2
2003    12    15    2
2003    12    08    2
2003    12    01    2
2003    11    24    2
2003    11    17    2
2003    11    10    3
2003    11    03    3
2003    10    27    3
2003    10    20    3
2003    10    13    3
2003    10    06    3
2003    09    29    3
2003    09    22    3
2003    09    15    3
2003    09    08    3
2003    08    25    2
2003    08    18    2
2003    08    11    2
2003    08    04    3
2003    07    28    3
2003    07    21    3
2003    07    14    3
2003    07    07    3
2003    06    23    5
2003    06    16    5
2003    06    09    5
2003    05    26    5
2003    05    19    5
2003    05    12    5
2003    05    05    5
2003    04    28    5
2003    04    21    5
2003    04    14    5
2003    04    07    5
2003    03    31    5
2003    03    17    4
2003    03    10    4
2003    03    03    4
2003    02    24    5
2003    02    17    5
2003    02    10    6
2003    02    03    6
2003    01    27    5
2003    01    13    6
2003    01    06    6
2002    12    16    6
2002    12    09    6
2002    12    02    6
2002    11    25    6
2002    11    18    6
2002    11    11    6
2002    11    04    6
2002    10    28    8
2002    10    21    8
2002    10    14    7
2002    10    07    13
2002    09    30    13
2002    09    23    13
2002    09    16    13
2002    09    09    13
2002    08    26    13
2002    08    19    13
2002    08    12    13
2002    08    05    14
2002    07    29    10
2002    07    22    10
2002    07    15    10
2002    07    08    11
2002    06    24    9
2002    06    17    9
2002    06    10    10
2002    05    27    8
2002    05    20    8
2002    05    13    14
2002    05    06    11
2002    04    29    11
2002    04    22    11
2002    04    15    11
2002    04    08    11
2002    04    01    11
2002    03    18    14
2002    03    11    14
2002    03    04    14
2002    02    25    14
2002    02    18    13
2002    02    11    13
2002    02    04    13
2002    01    28    13
2002    01    14    12
2002    01    07    13
2001    12    17    13
2001    12    10    13
2001    12    03    13
2001    11    26    13
2001    11    19    13
2001    11    12    12
2001    11    05    12
2001    10    29    13
2001    10    22    13
2001    10    15    12
2001    10    08    12
2001    10    01    12
2001    09    24    12
2001    09    17    12
2001    09    10    12
2001    08    27    13
2001    08    20    13
2001    08    13    13
2001    08    06    14
2001    07    30    14
2001    07    23    14
2001    07    16    14
2001    07    09    14
2001    06    25    15
2001    06    18    15
2001    06    11    14
2001    05    28    18
2001    05    21    18
2001    05    14    18
2001    05    07    18
2001    04    30    19
2001    04    23    19
2001    04    16    22
2001    04    09    21
2001    04    02    21
2001    03    19    24
2001    03    12    21
2001    03    05    20
2001    02    26    20
2001    02    19    23
2001    02    12    23
2001    02    05    22
2001    01    29    27
2001    01    15    29
2001    01    08    30
2000    12    18    29
2000    12    11    29
2000    12    04    29
2000    11    27    29
2000    11    20    29
2000    11    13    24
2000    11    06    24
2000    10    30    25
2000    10    23    34
2000    10    16    32
2000    10    09    31
2000    10    02    30
2000    09    18    36
2000    09    11    36
2000    08    28    40
2000    08    21    40
2000    08    14    40
2000    08    07    39
2000    07    31    38
2000    07    24    40
2000    07    17    39
2000    07    10    39
2000    06    26    35
2000    06    19    35
2000    06    12    38
2000    05    29    54
2000    05    22    54
2000    05    15    50
2000    05    08    51
2000    05    01    48
2000    04    24    51
2000    04    17    49
2000    04    10    48
2000    04    03    50
2000    03    20    53
2000    03    13    50
2000    03    06    49
2000    02    28    58
2000    02    21    66
2000    02    14    54
2000    02    07    67
2000    01    31    61
2000    01    17    62
2000    01    10    61
1999    12    27    64
1999    12    20    64
1999    12    13    64
1999    12    06    64
1999    11    29    64
1999    11    22    64
1999    11    15    65
1999    11    08    58
1999    11    01    57
1999    10    25    66
1999    10    18    67
1999    10    11    93
1999    10    04    106
1999    09    27    96
1999    09    20    95
1999    09    13    104
1999    09    06    104
1999    08    30    104
1999    08    23    106
1999    08    16    104
1999    08    09    103
1999    08    02    106
1999    07    26    106
1999    07    19    109
1999    07    12    109
1999    07    05    107
1999    06    28    103
1999    06    21    103
1999    06    14    103
1999    06    07    104
1999    05    31    111
1999    05    24    111
1999    05    17    114
1999    05    10    115
1999    05    03    123
1999    04    26    124
1999    04    19    128
1999    04    12    124
1999    04    05    124
1999    03    29    123
1999    03    22    125
1999    03    15    125
1999    03    08    129
1999    03    01    129
1999    02    22    129
1999    02    15    178
1999    02    08    176
1999    02    01    243
1999    01    25    298
1999    01    18    298
1999    01    11    299
1999    01    04    302
1998    12    28    301
1998    12    21    301
1998    12    14    301
1998    12    07    301
1998    11    30    302
1998    11    23    305
1998    11    16    303
1998    11    09    395
1998    11    02    393
1998    10    26    398
1998    10    19    397
1998    10    12    395
1998    10    05    396
1998    09    28    878
1998    09    21    876
1998    09    14    672
1998    09    07    682
1998    08    31    682
1998    08    24    680
1998    08    17    679
1998    08    10    679
1998    08    03    679
1998    07    27    683
1998    07    20    689
1998    07    13    693
1998    07    06    702
1998    06    29    699
1998    06    22    699
1998    06    15    699
1998    06    08    708
1998    06    01    704
1998    05    25    704
1998    05    18    704
1998    05    11    705
1998    05    04    711
1998    04    27    711
1998    04    20    710
1998    04    13    712
1998    04    06    711
1998    03    30    710
1998    03    23    707
1998    03    16    707
1998    03    09    708
1998    03    02    704
1998    02    23    705
1998    02    16    704
1998    02    09    703
1998    02    02    703
1998    01    26    706
1998    01    19    706
1998    01    12    705
1998    01    05    704
1997    12    29    704
1997    12    22    704
1997    12    15    704
1997    12    08    698
1997    12    01    699
1997    11    24    692
1997    11    17    700
1997    11    10    799
1997    11    03    802
1997    10    27    806
1997    10    20    803
1997    10    13    800
1997    10    06    799
1997    09    22    803
