2019    03    18    2
2019    03    11    2
2019    03    04    2
2019    02    25    2
2019    02    18    2
2019    02    11    2
2019    02    04    2
2019    01    28    2
2019    01    14    2
2019    01    07    2
2018    12    31    2
2018    12    24    2
2018    12    17    2
2018    12    10    2
2018    12    03    2
2018    11    26    2
2018    11    19    2
2018    11    12    2
2018    11    05    2
2018    10    29    1
2018    10    22    1
2018    10    15    1
2018    10    08    1
2018    10    01    1
2018    09    24    1
2018    09    17    1
2018    09    10    1
2018    08    27    1
2018    08    20    1
2018    08    13    1
2018    08    06    1
2018    07    30    1
2018    07    23    1
2018    07    16    1
2018    07    02    1
2018    06    25    1
2018    06    18    2
2018    06    11    1
2018    05    28    1
2018    05    21    1
2018    05    14    2
2018    05    07    1
2018    04    30    1
2018    04    23    1
2018    04    16    1
2018    04    09    1
2018    04    02    1
2018    03    19    2
2018    03    05    2
2018    02    26    2
2018    02    19    2
2018    02    12    1
2018    02    05    1
2018    01    29    1
2018    01    15    1
2018    01    08    1
2018    01    01    1
2017    12    25    1
2017    12    18    1
2017    12    11    1
2017    12    04    1
2017    11    27    1
2017    11    20    1
2017    11    13    1
2017    11    06    1
2017    10    30    1
2017    10    23    1
2017    10    16    1
2017    10    09    1
2017    10    02    1
2017    09    25    1
2017    09    18    1
2017    09    11    1
2017    08    28    1
2017    08    21    1
2017    08    14    2
2017    08    07    2
2017    07    31    2
2017    07    24    2
2017    07    17    2
2017    07    17    2
2017    07    10    2
2017    07    03    2
2017    06    26    2
2017    06    19    2
2017    06    12    2
2017    05    29    4
2017    05    22    4
2017    05    15    4
2017    05    08    5
2017    05    01    5
2017    04    24    5
2017    04    17    7
2017    04    10    5
2017    04    03    5
2017    03    20    7
2017    03    06    6
2017    02    27    6
2017    02    20    6
2017    02    13    6
2017    02    06    6
2017    01    30    6
2017    01    16    9
2017    01    09    9
2017    01    02    9
2016    12    26    9
2016    12    19    9
2016    12    12    9
2016    12    05    9
2016    11    28    9
2016    11    21    9
2016    11    14    8
2016    11    07    8
2016    10    31    6
2016    10    24    6
2016    10    17    6
2016    10    10    5
2016    10    03    4
2016    09    26    4
2016    09    19    4
2016    09    12    4
2016    08    29    5
2016    08    22    5
2016    08    15    5
2016    08    08    5
2016    08    01    5
2016    07    25    4
2016    07    18    4
2016    07    11    4
2016    06    27    4
2016    06    20    4
2016    06    13    4
2016    06    06    4
2016    05    23    5
2016    05    16    5
2016    05    09    5
2016    05    02    5
2016    04    25    5
2016    04    18    5
2016    04    11    5
2016    04    04    5
2016    03    21    5
2016    03    07    5
2016    02    29    5
2016    02    22    5
2016    02    15    5
2016    02    08    5
2016    02    01    5
2016    01    18    5
2016    01    11    5
2016    01    04    5
2015    12    28    5
2015    12    21    5
2015    12    14    5
2015    12    07    5
2015    11    30    5
2015    11    23    5
2015    11    16    5
2015    11    09    5
2015    11    02    6
2015    10    26    7
2015    10    19    7
2015    10    12    7
2015    10    05    8
2015    09    28    7
2015    09    21    7
2015    09    14    7
2015    08    31    8
2015    08    24    8
2015    08    17    8
2015    08    10    9
2015    08    03    9
2015    07    27    10
2015    07    20    10
2015    07    13    10
2015    06    29    10
2015    06    22    10
2015    06    15    10
2015    06    08    10
2015    05    25    7
2015    05    18    7
2015    05    11    7
2015    05    04    4
2015    04    27    4
2015    04    20    4
2015    04    13    5
2015    04    06    5
2015    03    23    3
2015    03    09    3
2015    03    02    3
2015    02    23    4
2015    02    16    3
2015    02    09    3
2015    02    02    3
2015    01    19    3
2015    01    12    3
2015    01    05    3
2014    12    29    3
2014    12    22    3
2014    12    15    3
2014    12    08    3
2014    12    01    3
2014    11    24    3
2014    11    17    3
2014    11    10    3
2014    11    03    3
2014    10    27    3
2014    10    20    3
2014    10    13    3
2014    10    06    2
2014    09    29    2
2014    09    22    2
2014    09    15    2
2014    09    08    2
2014    08    25    2
2014    08    18    2
2014    08    11    2
2014    08    04    2
2014    07    28    2
2014    07    21    2
2014    07    14    2
2014    07    07    2
2014    06    23    1
2014    06    16    1
2014    06    09    1
2014    05    26    1
2014    05    19    1
2014    05    12    1
2014    05    05    1
2014    04    28    1
2014    04    21    1
2014    04    14    1
2014    04    07    1
2014    03    31    1
2014    03    17    1
2014    03    03    1
2014    02    24    1
2014    02    17    1
2014    02    10    1
2014    02    03    1
2014    01    27    1
2014    01    13    1
2014    01    06    1
2013    12    30    1
2013    12    23    1
2013    12    16    1
2013    12    09    1
2013    12    02    1
2013    11    25    1
2013    11    18    1
2013    11    11    1
2013    11    04    1
2013    10    28    1
2013    10    21    1
2013    10    14    1
2013    10    07    1
2013    09    30    2
2013    09    23    2
2013    09    16    2
2013    09    09    2
2013    08    26    2
2013    08    19    2
2013    08    12    3
2013    08    05    4
2013    07    29    4
2013    07    22    4
2013    07    15    4
2013    07    08    4
2013    06    24    5
2013    06    17    5
2013    06    10    5
2013    05    27    4
2013    05    20    4
2013    05    13    5
2013    05    06    5
2013    04    29    5
2013    04    22    5
2013    04    15    5
2013    04    08    5
2013    04    01    5
2013    03    18    4
2013    03    04    5
2013    02    25    5
2013    02    18    5
2013    02    11    5
2013    02    04    5
2013    01    28    5
2013    01    14    4
2013    01    07    4
2012    12    31    4
2012    12    24    4
2012    12    17    4
2012    12    10    4
2012    12    03    4
2012    11    26    4
2012    11    19    4
2012    11    12    4
2012    11    05    4
2012    10    29    4
2012    10    22    4
2012    10    15    4
2012    10    08    4
2012    10    01    4
2012    09    24    4
2012    09    17    4
2012    09    10    4
2012    08    27    3
2012    08    20    3
2012    08    13    3
2012    08    06    3
2012    07    30    3
2012    07    23    3
2012    07    16    3
2012    07    09    3
2012    07    02    2
2012    06    25    2
2012    06    18    2
2012    06    11    2
2012    05    28    2
2012    05    21    2
2012    05    14    3
2012    05    07    2
2012    04    30    2
2012    04    23    2
2012    04    16    2
2012    04    09    2
2012    04    02    2
2012    03    19    2
2012    03    05    2
2012    02    27    2
2012    02    20    2
2012    02    13    2
2012    02    06    2
2012    01    30    2
2012    01    16    2
2012    01    09    2
2012    01    02    2
2011    12    26    2
2011    12    19    2
2011    12    12    2
2011    12    05    2
2011    11    28    2
2011    11    21    2
2011    11    14    2
2011    11    07    2
2011    10    31    2
2011    10    24    2
2011    10    17    2
2011    10    10    2
2011    10    03    2
2011    09    26    2
2011    09    19    2
2011    09    12    2
2011    08    29    2
2011    08    22    2
2011    08    15    2
2011    08    08    2
2011    08    01    2
2011    07    25    2
2011    07    18    2
2011    07    11    2
2011    07    04    2
2011    06    20    1
2011    06    13    1
2011    06    06    1
2011    05    23    1
2011    05    16    1
2011    05    09    1
2011    05    02    1
2011    04    25    1
2011    04    18    1
2011    04    11    1
2011    04    04    1
2011    03    21    1
2011    03    07    1
2011    02    28    1
2011    02    21    1
2011    02    14    1
2011    02    07    1
2011    01    31    1
2011    01    17    1
2011    01    10    1
2011    01    03    1
2010    12    27    1
2010    12    20    1
2010    12    13    1
2010    12    06    1
2010    11    29    1
2010    11    22    1
2010    11    15    1
2010    11    08    1
2010    11    01    1
2010    10    25    1
2010    10    18    1
2010    10    11    1
2010    10    04    1
2010    09    27    1
2010    09    20    1
2010    09    13    1
2010    09    06    1
2010    08    30    1
2010    08    23    1
2010    08    16    1
2010    08    09    1
2010    08    02    1
2010    07    26    1
2010    07    19    1
2010    07    12    1
2010    07    05    1
2010    06    21    1
2010    06    14    1
2010    06    07    1
2010    05    24    2
2010    05    17    2
2010    05    10    3
2010    05    03    3
2010    04    26    3
2010    04    19    3
2010    04    12    3
2010    04    05    3
2010    03    22    4
2010    03    08    3
2010    03    01    3
2010    02    22    3
2010    02    15    3
2010    02    08    4
2010    02    01    4
2010    01    18    2
2010    01    11    2
2010    01    04    2
2009    12    28    2
2009    12    21    2
2009    12    14    2
2009    12    07    2
2009    11    30    2
2009    11    23    2
2009    11    16    2
2009    11    09    2
2009    11    02    2
2009    10    26    2
2009    10    19    2
2009    10    12    2
2009    10    05    2
2009    09    28    2
2009    09    21    2
2009    09    14    2
2009    08    31    3
2009    08    24    3
2009    08    17    3
2009    08    10    2
2009    08    03    2
2009    07    27    2
2009    07    20    2
2009    07    13    2
2009    07    06    2
2009    06    22    1
2009    06    15    1
2009    06    08    1
2009    05    25    1
2009    05    18    1
2009    05    11    1
2009    05    04    1
2009    04    27    1
2009    04    20    1
2009    04    13    1
2009    04    06    1
2009    03    23    1
2009    03    09    1
2009    03    02    1
2009    02    23    1
2009    02    16    1
2009    02    09    1
2009    02    02    1
2009    01    19    1
2009    01    12    1
2009    01    05    1
2008    12    29    1
2008    12    22    1
2008    12    15    1
2008    12    08    1
2008    12    01    1
2008    11    24    1
2008    11    17    1
2008    11    10    1
2008    11    03    1
2008    10    27    1
2008    10    20    1
2008    10    13    1
2008    10    06    1
2008    09    29    1
2008    09    22    1
2008    09    15    1
2008    09    08    1
2008    08    25    1
2008    08    18    1
2008    08    11    2
2008    08    04    2
2008    07    28    2
2008    07    21    2
2008    07    14    2
2008    07    07    2
2008    06    23    2
2008    06    16    2
2008    06    09    2
2008    05    26    2
2008    05    19    2
2008    05    12    2
2008    05    05    2
2008    04    28    2
2008    04    21    2
2008    04    14    2
2008    04    07    2
2008    03    24    2
2008    03    10    2
2008    03    03    2
2008    02    25    2
2008    02    18    2
2008    02    11    2
2008    02    04    2
2008    01    28    2
2008    01    14    2
2008    01    07    2
2007    12    31    2
2007    12    24    2
2007    12    17    2
2007    12    10    2
2007    12    03    2
2007    11    26    2
2007    11    19    2
2007    11    12    2
2007    11    05    2
2007    10    29    2
2007    10    22    2
2007    10    15    2
2007    10    08    2
2007    10    01    2
2007    09    24    2
2007    09    17    2
2007    09    10    2
2007    08    27    2
2007    08    20    2
2007    08    13    2
2007    08    06    2
2007    07    30    2
2007    07    23    2
2007    07    16    2
2007    07    09    2
2007    06    25    2
2007    06    18    2
2007    06    11    2
2007    05    28    2
2007    05    21    2
2007    05    14    2
2007    05    07    2
2007    04    30    2
2007    04    23    2
2007    04    16    2
2007    04    09    2
2007    04    02    2
2007    03    19    2
2007    03    05    2
2007    02    26    2
2007    02    19    2
2007    02    12    2
2007    02    05    2
2007    01    29    2
2007    01    15    2
2007    01    08    2
2007    01    01    2
2006    12    18    2
2006    12    11    2
2006    12    04    2
2006    11    27    2
2006    11    20    2
2006    11    13    2
2006    11    06    2
2006    10    30    2
2006    10    23    2
2006    10    16    2
2006    10    09    2
2006    10    02    2
2006    09    25    2
2006    09    18    2
2006    09    11    2
2006    08    28    2
2006    08    21    2
2006    08    14    2
2006    08    07    2
2006    07    31    2
2006    07    24    2
2006    07    17    2
2006    07    10    2
2006    06    26    2
2006    06    19    2
2006    06    12    2
2006    05    29    2
2006    05    22    2
2006    05    15    2
2006    05    08    2
2006    05    01    2
2006    04    24    2
2006    04    17    2
2006    04    10    2
2006    04    03    2
2006    03    20    2
2006    03    06    2
2006    02    27    2
2006    02    20    2
2006    02    13    2
2006    02    06    2
2006    01    30    2
2006    01    16    2
2006    01    09    2
2006    01    02    2
2005    12    26    2
2005    12    19    2
2005    12    12    2
2005    12    05    2
2005    11    28    2
2005    11    21    2
2005    11    14    2
2005    11    07    2
2005    10    31    2
2005    10    24    2
2005    10    17    2
2005    10    10    2
2005    10    03    2
2005    09    26    2
2005    09    19    2
2005    09    12    2
2005    08    29    2
2005    08    22    2
2005    08    15    2
2005    08    08    2
2005    08    01    2
2005    07    25    2
2005    07    18    3
2005    07    11    3
2005    07    04    3
2005    06    20    3
2005    06    13    3
2005    06    06    3
2005    05    23    5
2005    05    16    5
2005    05    09    5
2005    05    02    7
2005    04    25    7
2005    04    18    11
2005    04    11    17
2005    04    04    17
2005    03    21    31
2005    03    07    30
2005    02    28    31
2005    02    21    39
2005    02    14    48
2005    02    07    48
2005    01    31    47
2005    01    17    56
2005    01    10    50
2004    12    20    51
2004    12    13    51
2004    12    06    51
2004    11    29    51
2004    11    22    51
2004    11    15    51
2004    11    08    51
2004    11    01    48
2004    10    25    48
2004    10    18    50
2004    10    11    51
2004    10    04    50
2004    09    27    49
2004    09    20    50
2004    09    13    48
2004    08    30    49
2004    08    23    49
2004    08    16    48
2004    08    09    71
2004    08    02    71
2004    07    26    62
2004    07    19    52
2004    07    12    57
2004    07    05    60
2004    06    21    46
2004    06    14    47
2004    06    07    47
2004    05    24    49
2004    05    17    49
2004    05    10    42
2004    05    03    44
2004    04    26    37
2004    04    19    37
2004    04    12    34
2004    04    05    35
2004    03    22    34
2004    03    08    36
2004    03    01    40
2004    02    23    40
2004    02    16    40
2004    02    09    41
2004    02    02    40
2004    01    19    41
2004    01    12    48
2003    12    15    49
2003    12    08    49
2003    12    01    47
2003    11    24    47
2003    11    17    47
2003    11    10    47
2003    11    03    47
2003    10    27    49
2003    10    20    48
2003    10    13    49
2003    10    06    47
2003    09    29    48
2003    09    22    46
2003    09    15    46
2003    09    08    45
2003    08    25    45
2003    08    18    45
2003    08    11    48
2003    08    04    48
2003    07    28    51
2003    07    21    58
2003    07    14    56
2003    07    07    61
2003    06    23    76
2003    06    16    77
2003    06    09    77
2003    05    26    75
2003    05    19    74
2003    05    12    87
2003    05    05    85
2003    04    28    93
2003    04    21    96
2003    04    14    109
2003    04    07    112
2003    03    31    114
2003    03    17    152
2003    03    10    153
2003    03    03    149
2003    02    24    177
2003    02    17    174
2003    02    10    175
2003    02    03    183
2003    01    27    203
2003    01    13    198
2003    01    06    198
2002    12    16    200
2002    12    09    200
2002    12    02    213
2002    11    25    238
2002    11    18    235
2002    11    11    237
2002    11    04    229
2002    10    28    231
2002    10    21    232
2002    10    14    236
2002    10    07    261
2002    09    30    326
2002    09    23    374
2002    09    16    357
2002    09    09    363
2002    08    26    386
2002    08    19    460
2002    08    12    466
2002    08    05    468
2002    07    29    491
2002    07    22    489
2002    07    15    593
2002    07    08    598
2002    06    24    596
2002    06    17    592
2002    06    10    592
2002    05    27    589
2002    05    20    586
2002    05    13    587
2002    05    06    588
2002    04    29    762
2002    04    22    772
2002    04    15    772
2002    04    08    769
2002    04    01    770
2002    03    18    766
2002    03    11    764
2002    03    04    760
2002    02    25    763
2002    02    18    770
2002    02    11    771
2002    02    04    771
2002    01    28    809
2002    01    14    810
2002    01    07    810
2001    12    17    811
2001    12    10    814
2001    12    03    816
2001    11    26    818
2001    11    19    817
2001    11    12    816
2001    11    05    1021
2001    10    29    1009
2001    10    22    993
2001    10    15    990
2001    10    08    987
2001    10    01    990
2001    09    24    1002
